0.42201835
0.5194805
0.010309278
0.010752688
0.069767445
0.021505376
0.012345679
0.05319149
0.056338027
0.2596154
0.04255319
0.37078652
0.08571429
0.16666667
0.026666667
0.07058824
0.041237112
0.009708738
0.04587156
0.021052632
0.016666668
0.04901961
0.05172414
0.010869565
0.04040404
0.0088495575
0.042735044
0.6666667
0.04587156
0.083333336
0.26495728
0.030927835
0.33333334
0.035714287
0.011904762
0.018867925
0.15625
0.054945055
0.4329897
0.011627907
0.36507937
0.14285715
0.009009009
0.008695652
0.04587156
0.010309278
0.045454547
0.024390243
0.08080808
0.009433962
0.05882353
0.32307693
0.024390243
0.18181819
0.75728154
0.018867925
0.04255319
0.054545455
0.012048192
0.07608695
0.009009009
0.077922076
0.045454547
0.027777778
0.027777778
0.19444445
0.5416667
0.057692308
0.078431375
0.029411765
0.010869565
0.4051724
0.47008547
0.3448276
0.027272727
0.33333334
0.09677419
0.24675325
0.013793103
0.03529412
0.031746034
0.03809524
0.020833334
0.011111111
0.010752688
0.009615385
0.009615385
0.04587156
0.8135593
0.76666665
0.013333334
0.24
0.36842105
0.13432837
0.067961164
0.01980198
0.41379312
0.018348623
0.022222223
0.4453125
0.010638298
0.21698113
0.3046875
0.3809524
0.3968254
0.013513514
0.5703125
0.18181819
0.048543688
0.023809524
0.0125
0.08235294
0.23943663
0.08256881
0.028037382
0.24615385
0.009615385
0.009433962
0.44444445
0.01
0.08181818
0.007751938
0.010204081
0.012987013
0.3625
0.018691588
0.3181818
0.10784314
0.018018018
0.08
0.16483517
0.009433962
0.054945055
0.008695652
0.23076923
0.018181818
0.26548672
0.4159292
0.25663716
0.05970149
0.06349207
0.015625
0.37931034
0.051282052
0.067961164
0.022727273
0.13207547
0.3043478
0.04255319
0.018181818
0.014705882
0.04761905
0.009090909
0.010638298
0.15294118
0.04032258
0.037037037
0.0125
0.023255814
0.01
0.2159091
0.1590909
0.14705883
0.8
0.51111114
0.011904762
0.3137255
0.01754386
0.1
0.121212125
0.022222223
0.036036037
0.00952381
0.020408163
0.06315789
0.02
0.4
0.01724138
0.17054264
0.048543688
0.02
0.15315315
0.38679245
0.0776699
0.011363637
0.07619048
0.10227273
0.24107143
0.011764706
0.15957446
0.13333334
0.012658228
0.7162162
0.057971016
0.30769232
0.009345794
0.04761905
0.055555556
0.05376344
0.03521127
0.03773585
0.00990099
0.00877193
0.09259259
0.00862069
0.14705883
0.04901961
0.06666667
0.05882353
0.011111111
0.04761905
0.123595506
0.01
0.24242425
0.05263158
0.01923077
0.036363635
0.022222223
0.17391305
0.18421052
0.013157895
0.9285714
0.05050505
0.102564104
0.0625
0.4173913
0.3653846
0.0125
0.026785715
0.00877193
0.05952381
0.021276595
0.024390243
0.02247191
0.008403362
0.018018018
0.02247191
0.4878049
0.025974026
0.02247191
0.06521739
0.027027028
0.07070707
0.030303031
0.2929293
0.018348623
0.16666667
0.045454547
0.008928572
0.010752688
0.008695652
0.042857144
0.46774194
0.018348623
